11:42:06.684   22  99  000   
11:43:18.875   22  00  000      30.000000    45.000000
11:44:36.434   11  99  000   
11:45:12.679   11  00  000   
11:53:37.051   11  99  000   
11:53:37.452   11  00  000   
11:53:37.480   11  99  000   
11:53:39.594   11  99  000    60.00  2.00  0.173367  0.1745  5.9427  6.40
11:56:45.223   11  99  000   
11:56:47.323   11  00  000   
11:56:47.851   00  99  000   
11:56:54.673   00  00  000   
11:56:54.698   00  99  000   
11:57:25.073   22  99  000    5160.000000  0.500000  0.436332  172.436332  173.100000
11:57:25.002   22  99  000   
11:57:47.262   22  00  000   
11:57:47.791   11  99  000   
11:57:56.917   11  00  000   
11:57:56.919   11  99  000   
11:57:58.802   11  99  000    180.000000  0.172658  0.174533  17.549972  18.000000
11:58:16.804   11  99  000   
11:58:19.080   11  00  000   
11:58:19.609   12  99  000   
11:58:20.618   12  00  000      -0.005528    -0.022966
12:01:21.273   12  99  000   
12:01:21.674   12  00  000     -10.906124     4.932669
13:32:06.105   11  99  000   
13:32:07.912   11  00  000   
13:32:07.914   11  99  000   
13:32:10.330   11  99  000    180.000000  0.127925  0.174533  23.625699  24.100000
13:32:34.431   11  99  000   
13:32:37.215   11  00  000   
13:32:37.746   12  99  000   
13:32:39.450   12  00  000      -0.005528    -0.022966
13:35:40.007   12  99  000   
13:35:41.614   12  00  000     -10.906124     4.932669
13:46:31.386   11  99  000   
13:46:33.190   11  00  000   
13:47:15.378   11  99  000   
13:47:18.053   11  99  000    180.00  5.00  0.057476  0.0873  52.2831  52.60
14:17:59.033   11  99  000   
14:18:01.950   11  00  000   
14:18:34.559   11  99  000   
14:18:35.054   11  00  000   
14:18:57.022   11  99  000   
14:18:57.423   11  00  000   
14:19:49.751   11  99  000   
14:19:52.628   11  99  000    180.00  5.00  0.047174  0.0873  63.6813  64.00
14:58:16.691   11  99  000   
14:58:19.729   11  00  000   
15:09:56.509   11  99  000   
15:09:56.910   11  00  000   
15:09:56.912   11  99  000   
15:09:58.992   11  99  000    60.00  2.00  0.064920  0.1745  15.5780  16.00
15:17:11.004   11  99  000   
15:17:13.132   11  00  000   
15:17:13.662   00  99  000   
15:17:20.382   00  00  000   
15:17:20.384   00  99  000   
15:17:30.003   22  99  000    5160.000000  0.500000  0.436332  172.436332  173.100000
15:23:16.204   22  99  000   
15:23:38.876   22  00  000   
15:23:39.383   11  99  000   
15:23:55.150   11  00  000   
15:23:55.152   11  99  000   
15:23:59.037   11  99  000    180.000000  0.057673  0.174533  52.191604  52.600000
15:23:59.001   11  99  000   
15:24:02.803   11  00  000   
15:24:03.333   12  99  000   
15:24:04.636   12  00  000      -0.005528    -0.022966
15:27:05.197   12  99  000   
15:27:07.202   12  00  000     -10.906124     4.932669
18:15:51.765   11  99  000   
18:15:53.371   11  00  000   
18:16:59.829   11  99  000   
18:17:02.868   11  99  000    180.00  5.00  0.040527  0.0873  74.1111  74.40
18:59:12.419   11  99  000   
18:59:14.894   11  00  000   
19:01:55.022   11  99  000   
19:01:55.423   11  00  000   
19:01:55.426   11  99  000   
19:01:58.176   11  99  000    180.000000  0.114298  0.174533  26.421726  26.800000
19:02:25.001   11  99  000   
19:02:27.212   11  00  000   
19:02:27.744   12  99  000   
19:02:29.248   12  00  000      -0.005528    -0.022966
19:05:29.813   12  99  000   
19:05:31.314   12  00  000     -10.906124     4.932669
19:48:06.563   11  99  000   
19:48:08.069   11  00  000   
19:48:08.072   11  99  000   
19:48:10.310   11  99  000    180.000000  0.140576  0.174533  21.515290  21.900000
19:48:32.212   11  99  000   
19:48:34.399   11  00  000   
19:48:34.930   12  99  000   
19:48:35.838   12  00  000      -0.005528    -0.022966
19:51:36.396   12  99  000   
19:51:36.797   12  00  000     -10.906124     4.932669
