12:49:02.064   11  99  000   
12:49:04.571   11  00  000   
12:49:23.197   12  99  000   
12:49:25.203   12  00  000      -2.793031   -15.089250
13:28:17.498   12  99  000   
13:28:19.400   12  00  000      14.998910    -2.856469
13:31:40.016   12  99  000   
13:31:42.224   12  00  000       2.764339    14.934241
13:32:23.515   11  99  000   
13:32:25.521   11  00  000   
13:32:31.728   12  99  000   
13:32:33.434   12  00  000       2.764339    14.934241
13:38:40.742   12  99  000   
13:38:43.050   12  00  000      -2.793031   -15.089250
14:59:58.047   11  99  000   
15:00:00.152   11  00  000   
15:00:10.289   12  99  000   
15:00:12.395   12  00  000      14.998910    -2.856469
15:26:18.000   11  99  000   
15:26:20.104   11  00  000   
15:26:27.422   12  99  000   
15:26:29.729   12  00  000      -2.793031   -15.089250
