11:29:56.818   22  99  000   
11:31:19.959   22  00  000      60.000000    20.000000
11:31:54.905   11  99  000   
11:32:16.674   11  00  000   
11:34:46.342   00  99  000   
11:34:52.659   00  00  000   
11:34:52.662   00  99  000   
11:35:24.344   22  99  000    5160.000000  0.500000  0.436332  172.436332  173.100000
11:41:10.546   22  99  000   
11:41:33.605   22  00  000   
11:41:34.139   11  99  000   
11:41:44.265   11  00  000   
11:41:44.269   11  99  000   
11:41:46.579   11  99  000    180.000000  0.178097  0.174533  17.019308  17.400000
11:42:04.002   11  99  000   
11:42:05.768   11  00  000   
11:42:06.305   12  99  000   
11:42:08.010   12  00  000       3.542054    -6.863741
11:45:08.574   12  99  000   
11:45:10.179   12  00  000       3.099351     3.058686
12:10:01.616   11  99  000   
12:10:02.721   11  00  000   
12:10:02.743   11  99  000   
12:10:04.846   11  99  000    60.00  2.00  0.166773  0.1745  6.1707  6.60
12:13:22.849   11  99  000   
12:13:24.921   11  00  000   
12:13:25.461   11  99  000   
12:13:25.862   11  00  000   
12:13:25.865   11  99  000   
12:13:28.102   11  99  000    180.000000  0.166361  0.174533  18.207567  18.600000
12:13:46.703   11  99  000   
12:13:49.095   11  00  000   
12:13:49.635   12  99  000   
12:13:51.239   12  00  000       3.542054    -6.863741
12:16:51.802   12  99  000   
12:16:53.506   12  00  000       3.099351     3.058686
13:57:19.089   11  99  000   
13:57:20.293   11  00  000   
13:57:20.297   11  99  000   
13:57:22.971   11  99  000    180.000000  0.112600  0.174533  26.817462  27.200000
13:57:50.173   11  99  000   
13:57:52.744   11  00  000   
13:57:53.283   12  99  000   
13:57:55.088   12  00  000       3.542054    -6.863741
14:00:55.754   12  99  000   
14:00:57.457   12  00  000       3.099351     3.058686
15:03:23.215   11  99  000   
15:03:24.416   11  00  000   
15:03:24.446   11  99  000   
15:03:26.365   11  99  000    60.00  2.00  0.068903  0.1745  14.6877  15.10
15:11:14.612   11  99  000   
15:11:16.913   11  00  000   
15:11:17.449   00  99  000   
15:11:23.770   00  00  000   
15:11:23.774   00  99  000   
15:11:33.394   22  99  000    5160.000000  0.500000  0.436332  172.436332  173.100000
15:17:19.595   22  99  000   
15:17:42.354   22  00  000   
15:17:43.086   11  99  000   
15:17:58.029   11  00  000   
15:17:58.033   11  99  000   
15:18:01.719   11  99  000    180.000000  0.061288  0.174533  49.123738  49.500000
15:18:51.220   11  99  000   
15:18:55.029   11  00  000   
15:18:55.564   12  99  000   
15:18:57.869   12  00  000       3.542054    -6.863741
15:21:58.437   12  99  000   
15:22:00.537   12  00  000       3.099351     3.058686
