11:47:32.258   22  99  000   
11:48:56.713   22  00  000      60.000000    20.000000
11:49:05.808   11  99  000   
11:49:27.895   11  00  000   
11:50:47.502   00  99  000   
11:50:53.726   00  00  000   
11:50:53.741   00  99  000   
11:51:25.428   22  99  000    5160.000000  0.500000  0.436332  172.436332  173.100000
11:57:11.630   22  99  000   
11:57:34.534   22  00  000   
11:57:35.064   11  99  000   
11:57:44.200   11  00  000   
11:57:44.203   11  99  000   
11:57:46.024   11  99  000    180.000000  0.174779  0.174533  17.339033  17.800000
11:58:03.826   11  99  000   
11:58:05.636   11  00  000   
11:58:06.165   12  99  000   
11:58:07.771   12  00  000      -4.478491     6.589851
12:01:08.305   12  99  000   
12:01:10.213   12  00  000       9.496225     1.851748
12:28:53.541   11  99  000   
12:28:54.846   11  00  000   
12:28:54.859   11  99  000   
12:28:56.931   11  99  000    60.00  2.00  0.161567  0.1745  6.3639  6.80
12:32:27.780   11  99  000   
12:32:29.842   11  00  000   
12:32:30.373   11  99  000   
12:32:30.773   11  00  000   
12:32:30.775   11  99  000   
12:32:32.680   11  99  000    180.000000  0.161035  0.174533  18.803977  19.200000
12:32:51.882   11  99  000   
12:32:53.797   11  00  000   
12:32:54.328   12  99  000   
12:32:55.934   12  00  000      -4.478491     6.589851
12:35:56.467   12  99  000   
12:35:58.275   12  00  000       9.496225     1.851748
14:54:57.047   11  99  000   
14:54:58.352   11  00  000   
14:54:58.355   11  99  000   
14:55:00.393   11  99  000    60.00  2.00  0.078317  0.1745  12.9431  13.40
15:01:29.003   11  99  000   
15:01:31.038   11  00  000   
15:01:31.571   00  99  000   
15:01:37.988   00  00  000   
15:01:37.990   00  99  000   
15:01:49.551   22  99  000    5160.000000  0.500000  0.436332  172.436332  173.100000
15:07:35.752   22  99  000   
15:07:59.265   22  00  000   
15:07:59.796   11  99  000   
15:08:13.132   11  00  000   
15:08:13.134   11  99  000   
15:08:16.490   11  99  000    180.000000  0.071180  0.174533  42.321387  42.700000
15:08:59.192   11  99  000   
15:09:02.312   11  00  000   
15:09:02.843   12  99  000   
15:09:05.048   12  00  000      -4.478491     6.589851
15:12:05.407   12  99  000   
15:12:07.814   12  00  000       9.496225     1.851748
16:16:22.853   11  99  000   
16:16:24.754   11  00  000   
16:16:24.756   11  99  000   
16:16:30.926   11  99  000    180.000000  0.031865  0.174533  94.320261  94.700000
16:18:05.628   11  99  000   
16:18:11.046   11  00  000   
16:18:11.577   12  99  000   
16:18:14.279   12  00  000      -4.478491     6.589851
16:21:14.747   12  99  000   
16:21:17.154   12  00  000      -1.824757   -15.339489
16:22:17.627   12  99  000   
16:22:19.731   12  00  000       9.496225     1.851748
18:42:41.437   11  99  000   
18:42:42.839   11  00  000   
18:42:42.842   11  99  000   
18:42:45.492   11  99  000    180.000000  0.096968  0.174533  31.112417  31.500000
18:43:16.994   11  99  000   
18:43:19.824   11  00  000   
18:43:20.356   12  99  000   
18:43:22.162   12  00  000      -4.478491     6.589851
18:46:22.721   12  99  000   
18:46:23.123   12  00  000       9.496225     1.851748
19:54:27.701   11  99  000   
19:54:29.106   11  00  000   
19:54:29.109   11  99  000   
19:54:31.631   11  99  000    180.000000  0.139452  0.174533  21.687388  22.100000
19:54:53.731   11  99  000   
19:54:56.125   11  00  000   
19:54:56.662   12  99  000   
19:54:58.070   12  00  000      -4.478491     6.589851
19:57:58.634   12  99  000   
19:58:00.339   12  00  000       9.496225     1.851748
20:18:39.937   11  99  000   
20:18:41.143   11  00  000   
20:18:41.146   11  99  000   
20:18:43.459   11  99  000    180.000000  0.151711  0.174533  19.948911  20.400000
20:19:03.861   11  99  000   
20:19:05.990   11  00  000   
20:19:06.427   12  99  000   
20:19:08.133   12  00  000      -4.478491     6.589851
20:22:08.593   12  99  000   
20:22:10.399   12  00  000       9.496225     1.851748
21:18:21.344   11  99  000   
21:18:22.550   11  00  000   
21:18:22.572   11  99  000   
21:18:24.630   11  99  000    60.00  2.00  0.175550  0.1745  5.8709  6.30
21:21:33.812   11  99  000   
21:21:35.917   11  00  000   
21:21:36.448   11  99  000   
21:21:36.848   11  00  000   
21:21:36.852   11  99  000   
21:21:38.705   11  99  000    180.000000  0.177475  0.174533  17.078318  17.500000
21:21:56.207   11  99  000   
21:21:58.035   11  00  000   
21:21:58.567   12  99  000   
21:22:00.474   12  00  000      -4.478491     6.589851
21:25:01.033   12  99  000   
21:25:02.942   12  00  000       9.496225     1.851748
21:57:49.302   00  99  000   
21:57:55.526   00  00  000   
21:57:55.529   00  99  000   
21:58:31.036   22  99  000    5160.000000  0.500000  0.436332  172.436332  173.100000
22:04:17.238   22  99  000   
22:04:40.108   22  00  000   
