11:25:24.505   22  99  000   
11:26:32.630   22  00  000      30.000000    45.000000
11:43:35.148   22  99  000   
11:43:51.595   22  00  000      60.000000    20.000000
11:44:00.548   11  99  000   
11:44:22.109   11  00  000   
11:45:38.293   00  99  000   
11:45:44.514   00  00  000   
11:45:44.516   00  99  000   
11:46:15.575   22  99  000    5160.000000  0.500000  0.436332  172.436332  173.100000
11:52:01.776   22  99  000   
11:52:24.662   22  00  000   
11:52:25.187   11  99  000   
11:52:34.126   11  00  000   
11:52:34.129   11  99  000   
11:52:36.236   11  99  000    180.000000  0.174534  0.174533  17.363206  17.800000
11:52:54.037   11  99  000   
11:52:56.228   11  00  000   
11:52:56.760   12  99  000   
11:52:57.767   12  00  000       2.000459    -3.461151
11:55:58.424   12  99  000   
11:55:58.825   12  00  000      -7.963830     4.254769
11:56:59.285   11  99  000   
11:57:00.787   11  00  000   
11:57:00.808   11  99  000   
11:57:02.868   11  99  000    60.00  2.00  0.172041  0.1745  5.9871  6.40
12:00:08.419   11  99  000   
12:00:10.510   11  00  000   
12:00:11.042   11  99  000   
12:00:11.443   11  00  000   
12:00:11.446   11  99  000   
12:00:13.641   11  99  000    180.000000  0.171745  0.174533  17.642272  18.100000
12:00:31.741   11  99  000   
12:00:33.832   11  00  000   
12:00:34.465   12  99  000   
12:00:35.669   12  00  000       2.000459    -3.461151
12:03:36.228   12  99  000   
12:03:37.834   12  00  000      -7.963830     4.254769
15:33:27.031   11  99  000   
15:33:29.139   11  00  000   
15:33:29.166   11  99  000   
15:33:31.578   11  99  000    60.00  2.00  0.050097  0.1745  20.1356  20.60
15:44:10.218   11  99  000   
15:44:12.821   11  00  000   
15:44:13.157   00  99  000   
15:44:19.877   00  00  000   
15:44:19.880   00  99  000   
15:44:27.093   22  99  000    5160.000000  0.500000  0.436332  172.436332  173.100000
15:44:27.002   22  99  000   
15:44:50.035   22  00  000   
15:44:50.479   11  99  000   
15:45:07.728   11  00  000   
15:45:07.731   11  99  000   
15:45:11.901   11  99  000    180.000000  0.045129  0.174533  66.651283  67.100000
15:46:19.003   11  99  000   
15:46:23.595   11  00  000   
15:46:24.127   12  99  000   
15:46:25.837   12  00  000       2.000459    -3.461151
15:48:45.676   11  99  000   
15:48:47.182   11  00  000   
15:49:23.738   11  99  000   
15:49:25.903   11  99  000   
15:49:30.262   11  00  000   
15:49:30.764   12  99  000   
15:49:33.279   12  00  000      -7.963830     4.254769
15:50:27.379   11  99  000   
15:50:29.687   11  00  000   
15:52:25.554   11  99  000   
15:52:30.084   11  99  000    180.00  5.00  0.018140  0.0873  165.4709  165.80
16:57:19.742   11  99  000   
