20:54:19.685   11  99  000   
20:54:21.369   11  00  000   
20:56:10.715   11  99  000   
20:56:11.116   11  00  000   
20:56:11.136   11  99  000   
20:56:13.242   11  99  000    60.00  2.00  0.170346  0.1745  6.0449  6.50
20:59:34.789   11  99  000   
20:59:36.945   11  00  000   
20:59:37.475   11  99  000   
20:59:37.875   11  00  000   
20:59:37.907   11  99  000   
20:59:40.137   11  99  000    180.000000  0.172541  0.174533  17.561663  18.000000
20:59:58.139   11  99  000   
21:00:00.349   11  00  000   
21:00:00.878   12  99  000   
21:00:01.882   12  00  000       0.002879     0.012360
21:03:02.413   12  99  000   
21:03:04.018   12  00  000     -13.277306     5.130697
21:46:59.517   00  99  000   
21:47:05.835   00  00  000   
21:47:05.837   00  99  000   
21:47:41.028   22  99  000    5160.000000  0.500000  0.436332  172.436332  173.100000
21:53:27.230   22  99  000   
21:53:50.439   22  00  000   
