11:34:40.050   22  99  000   
11:36:10.635   22  00  000      70.000000    20.000000
11:38:50.255   11  99  000   
11:39:08.025   11  00  000   
11:40:28.000   00  99  000   
11:40:34.224   00  00  000   
11:40:34.226   00  99  000   
11:41:07.352   22  99  000    5160.000000  0.500000  0.436332  172.436332  173.100000
11:46:53.554   22  99  000   
11:47:16.522   22  00  000   
11:47:17.054   11  99  000   
11:47:28.499   11  00  000   
11:47:28.501   11  99  000   
11:47:30.259   11  99  000    180.000000  0.179552  0.174533  16.882765  17.300000
11:47:47.560   11  99  000   
11:47:49.465   11  00  000   
11:47:50.001   12  99  000   
11:47:51.005   12  00  000       0.045423     0.758462
11:50:51.543   12  99  000   
11:50:53.150   12  00  000     -13.092323     4.573477
11:56:04.328   11  99  000   
11:56:06.034   11  00  000   
11:56:06.037   11  99  000   
11:56:07.806   11  99  000    180.000000  0.176711  0.174533  17.151432  17.600000
11:56:25.407   11  99  000   
11:56:27.711   11  00  000   
11:56:28.242   12  99  000   
11:56:29.849   12  00  000       0.045423     0.758462
11:59:30.384   12  99  000   
11:59:30.785   12  00  000      12.694906    -4.837286
12:27:13.388   11  99  000   
12:27:14.893   11  00  000   
12:27:14.896   11  99  000   
12:27:16.916   11  99  000    60.00  2.00  0.163945  0.1745  6.2741  6.70
12:30:44.674   11  99  000   
12:30:46.778   11  00  000   
12:30:47.311   11  99  000   
12:30:47.711   11  00  000   
12:30:47.714   11  99  000   
12:30:49.818   11  99  000    180.000000  0.163452  0.174533  18.528583  19.000000
12:31:08.820   11  99  000   
12:31:11.070   11  00  000   
12:31:11.602   12  99  000   
12:31:13.209   12  00  000       0.045423     0.758462
12:34:13.742   12  99  000   
12:34:15.550   12  00  000      12.694906    -4.837286
14:06:39.881   11  99  000   
14:06:41.487   11  00  000   
14:06:41.490   11  99  000   
14:06:44.045   11  99  000    180.000000  0.113264  0.174533  26.661290  27.100000
14:07:11.145   11  99  000   
14:07:13.953   11  00  000   
14:07:14.485   12  99  000   
14:07:16.493   12  00  000       0.045423     0.758462
14:10:17.028   12  99  000   
14:10:19.036   12  00  000      12.694906    -4.837286
15:37:28.953   11  99  000   
15:37:31.061   11  00  000   
15:37:31.064   11  99  000   
15:37:33.221   11  99  000    60.00  2.00  0.053187  0.1745  18.9763  19.40
15:47:34.675   11  99  000   
15:47:36.685   11  00  000   
15:47:37.222   00  99  000   
15:47:43.948   00  00  000   
15:47:43.951   00  99  000   
15:47:51.521   22  99  000    5160.000000  0.500000  0.436332  172.436332  173.100000
15:53:37.723   22  99  000   
15:54:00.586   22  00  000   
15:54:01.119   11  99  000   
15:54:18.890   11  00  000   
15:54:18.894   11  99  000   
15:54:23.169   11  99  000    180.000000  0.044757  0.174533  67.203464  67.600000
15:55:30.770   11  99  000   
15:55:35.487   11  00  000   
15:55:36.019   12  99  000   
15:55:37.625   12  00  000       0.045423     0.758462
15:58:38.165   12  99  000   
15:58:40.474   12  00  000      12.694906    -4.837286
18:36:36.064   11  99  000   
18:36:37.569   11  00  000   
18:36:37.572   11  99  000   
18:36:40.233   11  99  000    180.000000  0.091158  0.174533  33.084566  33.500000
18:37:13.735   11  99  000   
18:37:16.836   11  00  000   
18:37:17.375   12  99  000   
18:37:18.881   12  00  000       0.045423     0.758462
18:40:19.416   12  99  000   
18:40:19.818   12  00  000      -0.928191   -15.498859
18:41:20.353   12  99  000   
18:41:22.562   12  00  000      12.694906    -4.837286
20:10:11.529   11  99  000   
20:10:13.034   11  00  000   
20:10:13.037   11  99  000   
20:10:15.510   11  99  000    180.000000  0.146074  0.174533  20.712071  21.100000
20:10:36.611   11  99  000   
20:10:38.820   11  00  000   
20:10:39.355   12  99  000   
20:10:40.660   12  00  000       0.045423     0.758462
20:13:41.198   12  99  000   
20:13:42.905   12  00  000      12.694906    -4.837286
20:15:45.571   11  99  000   
20:15:46.977   11  00  000   
20:15:46.980   11  99  000   
20:15:49.158   11  99  000    180.000000  0.148856  0.174533  20.328200  20.800000
20:16:09.960   11  99  000   
20:16:12.326   11  00  000   
20:16:12.866   12  99  000   
20:16:14.673   12  00  000       0.045423     0.758462
20:19:15.210   12  99  000   
20:19:15.611   12  00  000      12.694906    -4.837286
20:20:43.963   11  99  000   
20:20:45.468   11  00  000   
20:20:45.472   11  99  000   
20:20:47.860   11  99  000    180.000000  0.151288  0.174533  20.004286  20.400000
20:21:08.262   11  99  000   
20:21:10.271   11  00  000   
20:21:10.806   12  99  000   
20:21:12.312   12  00  000       0.045423     0.758462
20:24:12.850   12  99  000   
20:24:13.251   12  00  000      12.694906    -4.837286
21:52:43.395   11  99  000   
21:52:44.900   11  00  000   
21:52:44.903   11  99  000   
21:52:46.997   11  99  000    60.00  2.00  0.185279  0.1745  5.5718  6.00
21:55:53.048   11  99  000   
21:55:55.152   11  00  000   
21:55:55.692   11  99  000   
21:55:56.092   11  00  000   
21:55:56.096   11  99  000   
21:55:57.896   11  99  000    180.000000  0.186758  0.174533  16.238118  16.700000
21:56:14.597   11  99  000   
21:56:16.356   11  00  000   
21:56:16.891   12  99  000   
21:56:18.397   12  00  000       0.045423     0.758462
21:59:18.933   12  99  000   
21:59:20.840   12  00  000      12.694906    -4.837286
23:08:46.481   00  99  000   
23:08:52.805   00  00  000   
23:08:52.809   00  99  000   
23:09:35.121   22  99  000    5160.000000  0.500000  0.436332  172.436332  173.100000
23:15:21.323   22  99  000   
23:15:44.196   22  00  000   
