19:19:19.655   11  99  000   
19:19:21.841   11  00  000   
19:20:49.433   11  99  000   
19:20:49.833   11  00  000   
19:20:49.865   11  99  000   
19:20:52.504   11  99  000    180.000000  0.124764  0.174533  24.219979  24.600000
19:21:17.105   11  99  000   
19:21:19.314   11  00  000   
19:21:19.843   12  99  000   
19:21:20.847   12  00  000       0.010765     0.047823
19:24:21.378   12  99  000   
19:24:23.184   12  00  000      -3.354684   -14.903271
19:25:23.715   12  99  000   
19:25:25.923   12  00  000       8.962091     1.485035
20:41:21.618   11  99  000   
20:41:22.831   11  00  000   
20:41:22.851   11  99  000   
20:41:24.995   11  99  000    60.00  2.00  0.164149  0.1745  6.2666  6.70
20:44:39.318   11  99  000   
20:44:41.412   11  00  000   
20:44:41.943   11  99  000   
20:44:42.341   11  00  000   
20:44:42.371   11  99  000   
20:44:44.799   11  99  000    180.000000  0.166504  0.174533  18.192068  18.600000
20:45:03.400   11  99  000   
20:45:05.841   11  00  000   
20:45:06.371   12  99  000   
20:45:07.671   12  00  000       0.010765     0.047823
20:48:08.133   12  99  000   
20:48:08.534   12  00  000       8.962091     1.485035
