17:24:15.633   11  99  000   
17:24:18.717   11  00  000   
17:25:47.293   11  99  000   
17:25:47.693   11  00  000   
17:25:47.725   11  99  000   
17:25:51.927   11  99  000    180.000000  0.055091  0.174533  54.629544  55.100000
17:26:47.029   11  99  000   
17:26:50.938   11  00  000   
17:26:51.468   12  99  000   
17:26:53.174   12  00  000       3.542054    -6.863741
17:29:53.704   12  99  000   
17:29:55.812   12  00  000      -3.974187   -14.658970
17:30:56.344   12  99  000   
17:30:58.853   12  00  000       3.099351     3.058686
19:38:42.072   11  99  000   
19:38:43.287   11  00  000   
19:38:43.310   11  99  000   
19:38:45.505   11  99  000    180.000000  0.136921  0.174533  22.085000  22.500000
19:39:08.007   11  99  000   
19:39:10.044   11  00  000   
19:39:10.474   12  99  000   
19:39:12.278   12  00  000       3.542054    -6.863741
19:42:12.839   12  99  000   
19:42:14.345   12  00  000       3.099351     3.058686
21:01:06.055   11  99  000   
21:01:07.160   11  00  000   
21:01:07.181   11  99  000   
21:01:09.263   11  99  000    60.00  2.00  0.173417  0.1745  5.9410  6.40
21:04:27.716   11  99  000   
21:04:29.778   11  00  000   
21:04:30.307   11  99  000   
21:04:30.708   11  00  000   
21:04:30.741   11  99  000   
21:04:33.075   11  99  000    180.000000  0.175482  0.174533  17.270304  17.700000
21:04:50.777   11  99  000   
21:04:52.665   11  00  000   
21:04:53.096   12  99  000   
21:04:54.400   12  00  000       3.542054    -6.863741
21:07:55.060   12  99  000   
21:07:55.462   12  00  000       3.099351     3.058686
21:52:12.462   00  99  000   
21:52:18.677   00  00  000   
21:52:18.679   00  99  000   
21:52:54.437   22  99  000    5160.000000  0.500000  0.436332  172.436332  173.100000
21:58:40.639   22  99  000   
21:59:03.646   22  00  000   
