11:15:37.993   22  99  000   
11:17:01.243   22  00  000      60.000000    20.000000
11:17:08.985   11  99  000   
11:17:31.674   11  00  000   
11:20:26.962   00  99  000   
11:20:33.186   00  00  000   
11:20:33.207   00  99  000   
11:21:07.054   22  99  000    5160.000000  0.500000  0.436332  172.436332  173.100000
11:26:53.255   22  99  000   
11:27:16.317   22  00  000   
11:27:16.848   11  99  000   
11:27:28.895   11  00  000   
11:27:28.897   11  99  000   
11:27:30.707   11  99  000    180.000000  0.182602  0.174533  16.603670  17.000000
11:27:47.708   11  99  000   
11:27:49.970   11  00  000   
11:27:50.503   12  99  000   
11:27:51.809   12  00  000      -1.446432    -5.486879
11:30:52.340   12  99  000   
11:30:53.745   12  00  000      -0.811899     2.414524
12:01:35.192   11  99  000   
12:01:36.394   11  00  000   
12:01:36.415   11  99  000   
12:01:38.476   11  99  000    60.00  2.00  0.170166  0.1745  6.0511  6.50
12:04:34.006   11  99  000   
12:04:36.110   11  00  000   
12:04:36.639   11  99  000   
12:04:37.036   11  00  000   
12:04:37.038   11  99  000   
12:04:38.852   11  99  000    180.000000  0.169923  0.174533  17.829609  18.300000
12:04:57.154   11  99  000   
12:04:59.037   11  00  000   
12:04:59.567   12  99  000   
12:05:01.067   12  00  000      -1.446432    -5.486879
12:08:01.632   12  99  000   
12:08:03.134   12  00  000      -0.811899     2.414524
13:33:28.445   11  99  000   
13:33:29.844   11  00  000   
13:33:29.846   11  99  000   
13:33:32.032   11  99  000    180.000000  0.126793  0.174533  23.835155  24.300000
13:33:56.333   11  99  000   
13:33:58.569   11  00  000   
13:33:59.104   12  99  000   
13:34:00.508   12  00  000      -1.446432    -5.486879
13:37:01.066   12  99  000   
13:37:01.367   12  00  000      -0.811899     2.414524
14:08:21.296   11  99  000   
14:08:22.601   11  00  000   
14:08:22.603   11  99  000   
14:08:25.420   11  99  000    180.000000  0.105891  0.174533  28.505513  28.900000
14:08:54.321   11  99  000   
14:08:57.107   11  00  000   
14:08:57.638   12  99  000   
14:08:59.244   12  00  000      -1.446432    -5.486879
14:11:59.805   12  99  000   
14:12:01.611   12  00  000      -0.811899     2.414524
15:08:22.797   11  99  000   
15:08:24.500   11  00  000   
15:08:24.520   11  99  000   
15:08:26.420   11  99  000    60.00  2.00  0.065712  0.1745  15.3925  15.80
15:16:36.244   11  99  000   
15:16:38.605   11  00  000   
15:16:39.136   00  99  000   
15:16:45.757   00  00  000   
15:16:45.759   00  99  000   
15:16:54.827   22  99  000    5160.000000  0.500000  0.436332  172.436332  173.100000
15:22:41.028   22  99  000   
15:23:03.990   22  00  000   
15:23:04.415   11  99  000   
15:23:19.972   11  00  000   
15:23:19.975   11  99  000   
15:23:23.459   11  99  000    180.000000  0.057946  0.174533  51.947087  52.400000
15:24:15.861   11  99  000   
15:24:19.356   11  00  000   
15:24:19.887   12  99  000   
15:24:21.892   12  00  000      -1.446432    -5.486879
15:27:22.255   12  99  000   
15:27:24.255   12  00  000      -0.811899     2.414524
18:32:10.336   11  99  000   
18:32:11.553   11  00  000   
18:32:11.556   11  99  000   
18:32:14.077   11  99  000    180.000000  0.097007  0.174533  31.100042  31.500000
18:32:45.578   11  99  000   
18:32:48.653   11  00  000   
18:32:49.082   12  99  000   
18:32:50.892   12  00  000      -1.446432    -5.486879
18:35:51.242   12  99  000   
18:35:52.947   12  00  000      -0.811899     2.414524
20:08:55.847   11  99  000   
20:08:57.049   11  00  000   
20:08:57.052   11  99  000   
20:08:59.400   11  99  000    180.000000  0.152041  0.174533  19.906074  20.300000
20:09:19.702   11  99  000   
20:09:21.690   11  00  000   
20:09:22.225   12  99  000   
20:09:23.729   12  00  000      -1.446432    -5.486879
20:12:24.285   12  99  000   
20:12:25.893   12  00  000      -0.811899     2.414524
21:13:15.257   11  99  000   
21:13:16.468   11  00  000   
21:13:16.492   11  99  000   
21:13:18.499   11  99  000    60.00  2.00  0.177432  0.1745  5.8105  6.20
21:16:30.752   11  99  000   
21:16:32.772   11  00  000   
21:16:33.303   11  99  000   
21:16:33.704   11  00  000   
21:16:33.707   11  99  000   
21:16:35.614   11  99  000    180.000000  0.179302  0.174533  16.906061  17.300000
21:16:53.001   11  99  000   
21:16:55.051   11  00  000   
21:16:55.583   12  99  000   
21:16:57.083   12  00  000      -1.446432    -5.486879
21:19:57.547   12  99  000   
21:19:59.153   12  00  000      -0.811899     2.414524
21:45:21.029   00  99  000   
21:45:27.845   00  00  000   
21:45:27.849   00  99  000   
21:46:02.761   22  99  000    5160.000000  0.500000  0.436332  172.436332  173.100000
21:51:49.002   22  99  000   
21:52:11.730   22  00  000   
