14:45:24.111   11  99  000   
14:45:26.397   11  00  000   
14:47:27.994   11  99  000   
14:47:28.394   11  00  000   
14:47:28.418   11  99  000   
14:47:31.445   11  99  000    180.000000  0.081663  0.174533  36.910778  37.300000
14:48:08.746   11  99  000   
14:48:12.056   11  00  000   
14:48:12.586   12  99  000   
14:48:14.094   12  00  000      -5.411098     1.257385
14:51:15.056   12  99  000   
14:51:16.860   12  00  000       5.746643     2.003979
15:40:31.448   11  99  000   
15:40:32.450   11  00  000   
15:40:32.471   11  99  000   
15:40:35.087   11  99  000    60.00  2.00  0.046102  0.1745  21.8657  22.30
15:51:44.114   11  99  000   
15:51:46.307   11  00  000   
15:51:46.839   00  99  000   
15:51:53.059   00  00  000   
15:51:53.061   00  99  000   
15:51:59.335   22  99  000    5160.000000  0.500000  0.436332  172.436332  173.100000
15:57:45.537   22  99  000   
15:58:08.243   22  00  000   
15:58:08.775   11  99  000   
15:58:26.934   11  00  000   
15:58:26.936   11  99  000   
15:58:32.306   11  99  000    180.000000  0.038211  0.174533  78.686015  79.100000
15:59:51.408   11  99  000   
15:59:56.688   11  00  000   
15:59:57.313   12  99  000   
15:59:59.323   12  00  000      -5.411098     1.257385
16:02:59.882   12  99  000   
16:03:02.289   12  00  000       5.746643     2.003979
16:07:35.106   12  99  000   
16:07:37.113   12  00  000      -3.245453   -14.941960
