14:14:05.416   11  99  000   
14:14:07.606   11  00  000   
14:15:28.347   11  99  000   
14:15:28.747   11  00  000   
14:15:28.770   11  99  000   
14:15:31.587   11  99  000    180.000000  0.102115  0.174533  29.553212  30.000000
14:16:01.588   11  99  000   
14:16:04.448   11  00  000   
14:16:04.977   12  99  000   
14:16:05.981   12  00  000       0.010765     0.047823
14:19:06.511   12  99  000   
14:19:08.117   12  00  000       8.962091     1.485035
15:29:44.976   11  99  000   
15:29:46.247   11  00  000   
15:29:46.268   11  99  000   
15:29:48.255   11  99  000    60.00  2.00  0.052515  0.1745  19.2168  19.60
15:39:36.208   11  99  000   
15:39:38.255   11  00  000   
15:39:38.785   00  99  000   
15:39:45.079   00  00  000   
15:39:45.103   00  99  000   
15:39:52.777   22  99  000    5160.000000  0.500000  0.436332  172.436332  173.100000
15:45:38.979   22  99  000   
15:46:01.935   22  00  000   
15:46:02.462   11  99  000   
15:46:20.214   11  00  000   
15:46:20.216   11  99  000   
15:46:24.551   11  99  000    180.000000  0.044442  0.174533  67.677512  68.100000
15:47:32.652   11  99  000   
15:47:37.191   11  00  000   
15:47:37.722   12  99  000   
15:47:39.425   12  00  000       0.010765     0.047823
15:50:39.983   12  99  000   
15:50:42.189   12  00  000       8.962091     1.485035
