14:40:12.177   11  99  000   
14:40:14.390   11  00  000   
14:41:07.353   12  99  000   
14:41:09.762   12  00  000      -1.058173   -15.479852
15:29:35.170   22  99  000   
15:29:48.924   22  00  000      50.000000    50.000000
15:30:41.470   22  99  000   
15:30:41.581   22  99  000    60.000000  0.006428  0.008727  155.581109  155.800000
15:42:10.719   22  99  000   
15:42:10.830   22  00  000   
15:42:14.911   22  99  000   
15:42:15.308   22  00  000      50.000000    50.000000
15:42:24.008   22  99  000   
15:42:24.119   22  99  000    60.000000  0.010000  0.008727  100.008727  100.300000
15:53:10.652   22  99  000   
15:53:10.764   22  00  000   
