18:12:05.305   11  99  000   
18:12:07.714   11  00  000   
18:13:20.359   00  99  000   
18:13:26.977   00  00  000   
18:13:26.979   00  99  000   
18:13:38.594   22  99  000    5160.000000  0.500000  0.436332  172.436332  173.100000
18:19:24.796   22  99  000   
18:19:48.245   22  00  000   
18:19:48.776   11  99  000   
18:20:01.014   11  00  000   
18:20:01.016   11  99  000   
18:20:03.778   11  99  000    180.000000  0.080540  0.174533  37.423025  37.800000
18:20:41.579   11  99  000   
18:20:44.752   11  00  000   
18:20:45.283   12  99  000   
18:20:46.381   12  00  000       0.049497     0.724078
18:23:46.941   12  99  000   
18:23:48.546   12  00  000     -10.896041     4.909485
19:39:03.603   11  99  000   
19:39:05.206   11  00  000   
19:39:05.216   11  99  000   
19:39:07.454   11  99  000    60.00  2.00  0.128254  0.1745  7.9715  8.40
19:43:02.604   11  99  000   
19:43:04.638   11  00  000   
19:43:05.169   11  99  000   
19:43:05.569   11  00  000   
19:43:05.572   11  99  000   
19:43:08.220   11  99  000    180.000000  0.131836  0.174533  22.930010  23.400000
19:43:31.621   11  99  000   
19:43:33.666   11  00  000   
19:43:34.191   12  99  000   
19:43:35.196   12  00  000       0.049497     0.724078
19:46:35.760   12  99  000   
19:46:37.264   12  00  000     -10.896041     4.909485
22:10:52.759   11  99  000   
22:10:54.363   11  00  000   
22:10:54.366   11  99  000   
22:10:56.374   11  99  000    60.00  2.00  0.189835  0.1745  5.4423  5.90
22:13:53.342   11  99  000   
22:13:55.368   11  00  000   
22:13:55.904   00  99  000   
22:14:02.227   00  00  000   
22:14:02.229   00  99  000   
22:14:39.167   22  99  000    5160.000000  0.500000  0.436332  172.436332  173.100000
22:20:25.369   22  99  000   
22:20:48.278   22  00  000   
22:20:48.814   11  99  000   
22:21:04.861   11  00  000   
22:21:04.864   11  99  000   
22:21:06.601   11  99  000    180.000000  0.192455  0.174533  15.762620  16.200000
22:21:22.803   11  99  000   
22:21:25.100   11  00  000   
22:21:25.632   12  99  000   
22:21:26.535   12  00  000       0.049497     0.724078
22:24:27.094   12  99  000   
22:24:28.599   12  00  000     -10.896041     4.909485
22:33:14.519   00  99  000   
22:33:20.838   00  00  000   
22:33:20.841   00  99  000   
22:33:59.766   22  99  000    5160.000000  0.500000  0.436332  172.436332  173.100000
22:39:45.968   22  99  000   
22:40:08.679   22  00  000   
