17:00:27.993   11  99  000   
17:00:30.358   11  00  000   
17:02:08.434   11  99  000   
17:02:08.835   11  00  000   
17:02:08.867   11  99  000   
17:02:13.404   11  99  000    180.000000  0.040470  0.174533  74.303940  74.700000
17:03:28.105   11  99  000   
17:03:32.916   11  00  000   
17:03:33.446   12  99  000   
17:03:34.951   12  00  000       2.000459    -3.461151
17:06:35.482   12  99  000   
17:06:37.794   12  00  000      -3.672361   -14.783444
17:07:38.325   12  99  000   
17:07:38.726   12  00  000      -7.963830     4.254769
19:23:00.392   11  99  000   
19:23:02.008   11  00  000   
19:23:02.035   11  99  000   
19:23:04.748   11  99  000    180.000000  0.127115  0.174533  23.775140  24.200000
19:23:28.949   11  99  000   
19:23:31.514   11  00  000   
19:23:32.045   12  99  000   
19:23:33.751   12  00  000       2.000459    -3.461151
19:26:34.284   12  99  000   
19:26:35.990   12  00  000      -7.963830     4.254769
21:07:44.246   11  99  000   
21:07:45.851   11  00  000   
21:07:45.872   11  99  000   
21:07:47.955   11  99  000    60.00  2.00  0.175082  0.1745  5.8861  6.30
21:11:03.308   11  99  000   
21:11:05.413   11  00  000   
21:11:05.944   11  99  000   
21:11:06.344   11  00  000   
21:11:06.364   11  99  000   
21:11:08.762   11  99  000    180.000000  0.177064  0.174533  17.117586  17.500000
21:11:26.263   11  99  000   
21:11:28.063   11  00  000   
21:11:28.594   12  99  000   
21:11:30.000   12  00  000       2.000459    -3.461151
21:14:31.070   12  99  000   
21:14:31.472   12  00  000      -7.963830     4.254769
