14:46:50.558   11  99  000   
14:46:52.754   11  00  000   
14:48:13.407   11  99  000   
14:48:13.808   11  00  000   
14:48:13.831   11  99  000   
14:48:16.596   11  99  000    180.000000  0.080489  0.174533  37.446581  37.900000
14:48:54.497   11  99  000   
14:48:57.262   11  00  000   
14:48:57.792   12  99  000   
14:48:58.896   12  00  000      -0.023851    -0.093149
14:51:59.427   12  99  000   
14:52:00.938   12  00  000      -4.273495     3.332344
15:11:30.942   11  99  000   
15:11:32.748   11  00  000   
15:12:12.214   11  99  000   
15:12:15.496   11  99  000    180.00  5.00  0.030212  0.0873  99.3865  99.70
16:12:04.755   11  99  000   
16:12:10.258   11  00  000   
16:42:41.436   11  99  000   
16:42:41.836   11  00  000   
16:42:51.296   11  99  000   
16:42:56.552   11  99  000    180.00  5.00  0.014270  0.0873  210.3190  210.70
18:47:11.863   11  99  000   
18:47:13.821   11  00  000   
18:47:19.624   11  99  000   
18:47:20.025   11  00  000   
18:47:54.113   11  99  000   
18:47:54.513   11  00  000   
18:49:02.554   11  99  000   
18:49:02.955   11  00  000   
18:49:02.982   11  99  000   
18:49:05.359   11  99  000    180.000000  0.107193  0.174533  28.161512  28.600000
18:49:33.960   11  99  000   
18:49:36.620   11  00  000   
18:49:37.151   12  99  000   
18:49:38.255   12  00  000      -0.023851    -0.093149
18:52:38.788   12  99  000   
18:52:39.993   12  00  000      -4.273495     3.332344
18:53:51.050   11  99  000   
18:53:52.354   11  00  000   
18:53:52.356   11  99  000   
18:53:55.005   11  99  000    180.000000  0.110171  0.174533  27.404978  27.800000
18:54:22.806   11  99  000   
18:54:25.120   11  00  000   
18:54:25.652   12  99  000   
18:54:27.057   12  00  000      -0.023851    -0.093149
18:57:27.589   12  99  000   
18:57:28.894   12  00  000      -4.273495     3.332344
