18:58:28.532   11  99  000   
18:58:29.841   11  00  000   
18:59:36.342   11  99  000   
18:59:36.743   11  00  000   
18:59:36.744   11  99  000   
18:59:39.111   11  99  000    180.000000  0.113676  0.174533  26.565396  27.000000
19:00:06.113   11  99  000   
19:00:08.868   11  00  000   
19:00:09.399   12  99  000   
19:00:10.403   12  00  000      -0.023851    -0.093149
19:03:10.940   12  99  000   
19:03:12.246   12  00  000      -4.273495     3.332344
20:03:52.290   11  99  000   
20:03:53.695   11  00  000   
20:03:53.715   11  99  000   
20:03:55.862   11  99  000    60.00  2.00  0.148100  0.1745  6.9267  7.40
20:07:45.314   11  99  000   
20:07:47.418   11  00  000   
20:07:47.950   11  99  000   
20:07:48.350   11  00  000   
20:07:48.352   11  99  000   
20:07:50.761   11  99  000    180.000000  0.151177  0.174533  20.018792  20.400000
20:08:11.162   11  99  000   
20:08:13.172   11  00  000   
20:08:13.704   12  99  000   
20:08:14.607   12  00  000      -0.023851    -0.093149
20:11:15.140   12  99  000   
20:11:16.445   12  00  000      -4.273495     3.332344
21:04:48.545   11  99  000   
21:04:49.951   11  00  000   
21:04:49.954   11  99  000   
21:04:51.818   11  99  000    180.000000  0.175126  0.174533  17.305104  17.700000
21:05:09.520   11  99  000   
21:05:11.320   11  00  000   
21:05:11.853   12  99  000   
21:05:12.857   12  00  000      -0.023851    -0.093149
21:08:13.391   12  99  000   
21:08:14.595   12  00  000      -4.273495     3.332344
21:43:05.293   00  99  000   
21:43:11.417   00  00  000   
21:43:11.419   00  99  000   
21:43:45.560   22  99  000    5160.000000  0.500000  0.436332  172.436332  173.100000
21:49:31.762   22  99  000   
21:49:54.782   22  00  000   
