20:38:29.620   11  99  000   
20:38:32.428   11  00  000   
20:39:44.530   00  99  000   
20:39:50.750   00  00  000   
20:39:50.760   00  99  000   
20:40:18.358   22  99  000    5160.000000  0.500000  0.436332  172.436332  173.100000
20:46:04.560   22  99  000   
20:46:27.519   22  00  000   
20:46:28.050   11  99  000   
20:46:34.470   11  00  000   
20:46:34.471   11  99  000   
20:46:36.444   11  99  000    180.000000  0.164473  0.174533  18.414619  18.800000
20:46:55.245   11  99  000   
20:46:57.493   11  00  000   
20:46:58.022   12  99  000   
20:46:59.123   12  00  000       0.060838     0.477798
20:49:59.482   12  99  000   
20:49:59.883   12  00  000       0.060838     0.477798
21:04:26.367   11  99  000   
21:04:27.669   11  00  000   
21:05:58.352   00  99  000   
21:06:04.597   00  00  000   
21:06:04.599   00  99  000   
21:06:34.698   22  99  000    5160.000000  0.500000  0.436332  172.436332  173.100000
21:12:20.900   22  99  000   
21:12:43.798   22  00  000   
21:12:44.347   11  99  000   
21:12:53.979   11  00  000   
21:12:53.981   11  99  000   
21:12:55.742   11  99  000    180.000000  0.174640  0.174533  17.352775  17.800000
21:13:13.543   11  99  000   
21:13:15.681   11  00  000   
21:13:16.211   12  99  000   
21:13:17.816   12  00  000       1.366028    10.728196
21:16:18.473   12  99  000   
21:16:20.076   12  00  000      11.429692     1.452340
22:09:20.954   00  99  000   
22:09:27.169   00  00  000   
22:09:27.171   00  99  000   
22:10:04.064   22  99  000    5160.000000  0.500000  0.436332  172.436332  173.100000
22:10:04.001   22  99  000   
22:10:26.807   22  00  000   
