17:17:11.749   11  99  000   
17:17:13.834   11  00  000   
17:18:30.915   11  99  000   
17:18:31.317   11  00  000   
17:18:31.346   11  99  000   
17:18:35.496   11  99  000    180.000000  0.047317  0.174533  63.576821  64.000000
17:19:39.497   11  99  000   
17:19:43.699   11  00  000   
17:19:44.228   12  99  000   
17:19:45.935   12  00  000      -5.411098     1.257385
17:22:46.466   12  99  000   
17:22:48.573   12  00  000       5.746643     2.003979
17:48:49.490   12  99  000   
17:48:49.891   12  00  000      -3.245453   -14.941960
18:34:10.117   11  99  000   
18:34:12.225   11  00  000   
18:34:12.250   11  99  000   
18:34:14.806   11  99  000    180.000000  0.095799  0.174533  31.489965  31.900000
18:34:46.708   11  99  000   
18:34:49.263   11  00  000   
18:34:49.796   12  99  000   
18:34:51.602   12  00  000      -5.411098     1.257385
18:37:52.134   12  99  000   
18:37:53.841   12  00  000       5.746643     2.003979
19:36:25.712   11  99  000   
19:36:26.816   11  00  000   
19:36:26.840   11  99  000   
19:36:29.510   11  99  000    180.000000  0.133257  0.174533  22.687363  23.100000
19:36:52.611   11  99  000   
19:36:54.768   11  00  000   
19:36:55.300   12  99  000   
19:36:56.906   12  00  000      -5.411098     1.257385
19:39:57.441   12  99  000   
19:39:59.146   12  00  000       5.746643     2.003979
20:25:43.504   11  99  000   
20:25:44.507   11  00  000   
20:25:44.509   11  99  000   
20:25:46.509   11  99  000    180.000000  0.158098  0.174533  19.150141  19.600000
20:26:06.110   11  99  000   
20:26:08.497   11  00  000   
20:26:09.030   12  99  000   
20:26:10.735   12  00  000      -5.411098     1.257385
20:29:11.194   12  99  000   
20:29:12.898   12  00  000       5.746643     2.003979
21:52:23.074   00  99  000   
21:52:29.296   00  00  000   
21:52:29.299   00  99  000   
21:53:04.630   22  99  000    5160.000000  0.500000  0.436332  172.436332  173.100000
21:58:50.832   22  99  000   
21:59:13.629   22  00  000   
