11:09:03.251   22  99  000   
11:10:11.605   22  00  000      30.000000    20.000000
11:10:46.595   11  99  000   
11:11:24.547   11  00  000   
11:12:54.450   00  99  000   
11:13:01.075   00  00  000   
11:13:01.101   00  99  000   
11:13:35.872   22  99  000    5160.000000  0.500000  0.436332  172.436332  173.100000
11:19:22.073   22  99  000   
11:19:44.527   22  00  000   
11:19:45.057   11  99  000   
11:19:58.010   11  00  000   
11:19:58.012   11  99  000   
11:19:59.813   11  99  000    180.000000  0.185159  0.174533  16.376851  16.800000
11:20:16.615   11  99  000   
11:20:18.824   11  00  000   
11:20:19.353   12  99  000   
11:20:20.758   12  00  000      -3.272302    -2.076235
11:23:21.289   12  99  000   
11:23:22.895   12  00  000       1.747815     2.922293
12:22:42.522   11  99  000   
12:22:43.625   11  00  000   
12:22:43.647   11  99  000   
12:22:45.773   11  99  000    60.00  2.00  0.162233  0.1745  6.3385  6.80
12:26:16.621   11  99  000   
12:26:18.683   11  00  000   
12:26:19.214   11  99  000   
12:26:19.614   11  00  000   
12:26:19.617   11  99  000   
12:26:21.521   11  99  000    180.000000  0.161703  0.174533  18.727045  19.200000
12:26:40.723   11  99  000   
12:26:42.681   11  00  000   
12:26:43.212   12  99  000   
12:26:44.517   12  00  000      -3.272302    -2.076235
12:29:45.050   12  99  000   
12:29:46.455   12  00  000       1.747815     2.922293
13:48:22.883   11  99  000   
13:48:24.184   11  00  000   
13:48:24.186   11  99  000   
13:48:26.970   11  99  000    180.000000  0.119108  0.174533  25.361707  25.800000
13:48:52.772   11  99  000   
13:48:55.656   11  00  000   
13:48:56.188   12  99  000   
13:48:57.489   12  00  000      -3.272302    -2.076235
13:51:58.050   12  99  000   
13:51:58.452   12  00  000       1.747815     2.922293
14:54:21.631   11  99  000   
14:54:23.033   11  00  000   
14:54:23.036   11  99  000   
14:54:26.313   11  99  000    180.000000  0.077318  0.174533  38.975083  39.400000
14:55:05.715   11  99  000   
14:55:09.134   11  00  000   
14:55:09.666   12  99  000   
14:55:11.172   12  00  000      -3.272302    -2.076235
14:58:11.732   12  99  000   
14:58:12.131   12  00  000       1.747815     2.922293
15:31:05.840   11  99  000   
15:31:07.550   11  00  000   
15:31:07.569   11  99  000   
15:31:09.943   11  99  000    60.00  2.00  0.051905  0.1745  19.4405  19.90
15:41:07.116   11  99  000   
15:41:09.185   11  00  000   
15:41:09.722   00  99  000   
15:41:16.540   00  00  000   
15:41:16.542   00  99  000   
15:41:23.815   22  99  000    5160.000000  0.500000  0.436332  172.436332  173.100000
15:47:10.017   22  99  000   
15:47:32.965   22  00  000   
15:47:33.493   11  99  000   
15:47:51.050   11  00  000   
15:47:51.052   11  99  000   
15:47:55.286   11  99  000    180.000000  0.043710  0.174533  68.809179  69.200000
15:49:04.487   11  99  000   
15:49:09.027   11  00  000   
15:49:09.462   12  99  000   
15:49:11.068   12  00  000      -3.272302    -2.076235
15:52:11.629   12  99  000   
15:52:13.134   12  00  000       1.747815     2.922293
16:42:53.016   11  99  000   
16:42:54.117   11  00  000   
16:42:54.120   11  99  000   
16:43:00.112   11  99  000    180.000000  0.031048  0.174533  96.800160  97.200000
16:44:37.314   11  99  000   
16:44:42.676   11  00  000   
16:44:43.309   12  99  000   
16:44:45.718   12  00  000      -3.272302    -2.076235
16:47:46.182   12  99  000   
16:47:47.888   12  00  000      -3.134624   -14.979946
16:48:48.465   12  99  000   
16:48:51.073   12  00  000       1.747815     2.922293
17:20:55.049   00  99  000   
17:21:01.873   00  00  000   
17:21:01.876   00  99  000   
17:21:09.160   22  99  000    5160.000000  0.500000  0.436332  172.436332  173.100000
17:26:55.361   22  99  000   
17:27:18.176   22  00  000   
17:27:18.708   11  99  000   
17:27:35.256   11  00  000   
17:27:35.259   11  99  000   
17:27:39.138   11  99  000    180.000000  0.052294  0.174533  57.543033  58.000000
17:28:37.139   11  99  000   
17:28:40.934   11  00  000   
17:28:41.469   12  99  000   
17:28:43.669   12  00  000      -3.272302    -2.076235
17:31:44.239   12  99  000   
17:31:44.640   12  00  000       1.747815     2.922293
18:38:56.859   11  99  000   
18:38:58.055   11  00  000   
18:38:58.059   11  99  000   
18:39:01.035   11  99  000    180.000000  0.098449  0.174533  30.647249  31.100000
18:39:32.136   11  99  000   
18:39:34.606   11  00  000   
18:39:35.139   12  99  000   
18:39:36.542   12  00  000      -3.272302    -2.076235
18:42:37.100   12  99  000   
18:42:38.909   12  00  000       1.747815     2.922293
19:32:08.490   11  99  000   
19:32:09.587   11  00  000   
19:32:09.591   11  99  000   
19:32:11.758   11  99  000    180.000000  0.130530  0.174533  23.157759  23.600000
19:32:35.359   11  99  000   
19:32:37.504   11  00  000   
19:32:38.039   12  99  000   
19:32:39.344   12  00  000      -3.272302    -2.076235
19:35:40.000   12  99  000   
19:35:40.402   12  00  000       1.747815     2.922293
20:20:26.465   11  99  000   
20:20:27.564   11  00  000   
20:20:27.568   11  99  000   
20:20:29.536   11  99  000    180.000000  0.155398  0.174533  19.479816  19.900000
20:20:49.438   11  99  000   
20:20:51.717   11  00  000   
20:20:52.258   12  99  000   
20:20:53.662   12  00  000      -3.272302    -2.076235
20:23:54.223   12  99  000   
20:23:54.624   12  00  000       1.747815     2.922293
21:08:05.098   11  99  000   
21:08:06.100   11  00  000   
21:08:06.120   11  99  000   
21:08:08.140   11  99  000    60.00  2.00  0.174068  0.1745  5.9194  6.30
21:11:17.227   11  99  000   
21:11:19.277   11  00  000   
21:11:19.811   11  99  000   
21:11:20.311   11  00  000   
21:11:20.315   11  99  000   
21:11:22.555   11  99  000    180.000000  0.176050  0.174533  17.215111  17.600000
21:11:40.156   11  99  000   
21:11:41.955   11  00  000   
21:11:42.485   12  99  000   
21:11:43.994   12  00  000      -3.272302    -2.076235
21:14:44.458   12  99  000   
21:14:44.859   12  00  000       1.747815     2.922293
21:53:12.642   00  99  000   
21:53:19.464   00  00  000   
21:53:19.468   00  99  000   
21:53:54.607   22  99  000    5160.000000  0.500000  0.436332  172.436332  173.100000
21:59:40.808   22  99  000   
22:00:03.063   22  00  000   
