16:42:09.476   11  99  000   
16:42:12.269   11  00  000   
16:44:04.943   11  99  000   
16:44:05.344   11  00  000   
16:44:05.365   11  99  000   
16:44:08.664   11  99  000    60.00  2.00  0.028629  0.1745  35.1037  35.50
17:02:29.218   11  99  000   
17:02:31.619   11  00  000   
17:02:32.046   00  99  000   
17:02:38.264   00  00  000   
17:02:38.288   00  99  000   
17:02:44.491   22  99  000    5160.000000  0.500000  0.436332  172.436332  173.100000
17:08:30.693   22  99  000   
17:08:53.557   22  00  000   
17:08:54.083   11  99  000   
17:09:12.337   11  00  000   
17:09:12.338   11  99  000   
17:09:17.262   11  99  000    180.000000  0.040432  0.174533  74.373420  74.800000
17:10:32.063   11  99  000   
17:10:37.099   11  00  000   
17:10:37.627   12  99  000   
17:10:39.230   12  00  000       5.503794    -0.798520
17:13:39.690   12  99  000   
17:13:41.394   12  00  000      -6.272933     6.189734
18:04:40.747   11  99  000   
18:04:42.256   11  00  000   
18:04:42.258   11  99  000   
18:04:45.291   11  99  000    180.000000  0.074959  0.174533  40.196479  40.600000
18:05:25.893   11  99  000   
18:05:28.792   11  00  000   
18:05:29.323   12  99  000   
18:05:31.129   12  00  000       5.503794    -0.798520
18:08:31.580   12  99  000   
18:08:33.691   12  00  000      -2.793031   -15.089250
18:09:34.162   12  99  000   
18:09:36.570   12  00  000      -6.272933     6.189734
19:47:51.948   11  99  000   
19:47:53.452   11  00  000   
19:47:53.455   11  99  000   
19:47:56.071   11  99  000    180.000000  0.138194  0.174533  21.883095  22.300000
19:47:56.002   11  99  000   
19:47:58.539   11  00  000   
19:47:59.071   12  99  000   
19:48:00.671   12  00  000       5.503794    -0.798520
19:51:01.134   12  99  000   
19:51:03.041   12  00  000      -6.272933     6.189734
21:24:54.468   11  99  000   
21:24:56.172   11  00  000   
21:24:56.192   11  99  000   
21:24:58.232   11  99  000    60.00  2.00  0.179174  0.1745  5.7557  6.20
21:28:04.224   11  99  000   
21:28:06.266   11  00  000   
21:28:06.797   11  99  000   
21:28:07.291   11  00  000   
21:28:07.293   11  99  000   
21:28:09.060   11  99  000    180.000000  0.180935  0.174533  16.755041  17.200000
21:28:26.262   11  99  000   
21:28:28.449   11  00  000   
21:28:29.082   12  99  000   
21:28:30.487   12  00  000       5.503794    -0.798520
21:31:31.046   12  99  000   
21:31:31.448   12  00  000      -6.272933     6.189734
22:04:21.359   00  99  000   
22:04:27.877   00  00  000   
22:04:27.880   00  99  000   
22:05:04.935   22  99  000    5160.000000  0.500000  0.436332  172.436332  173.100000
22:10:51.136   22  99  000   
22:11:14.043   22  00  000   
