11:02:36.572   22  99  000   
11:03:45.196   22  00  000      30.000000    20.000000
11:05:00.373   11  99  000   
11:05:38.993   11  00  000   
11:07:21.075   00  99  000   
11:07:27.289   00  00  000   
11:07:27.291   00  99  000   
11:08:02.448   22  99  000    5160.000000  0.500000  0.436332  172.436332  173.100000
11:13:48.651   22  99  000   
11:14:11.662   22  00  000   
11:14:12.188   11  99  000   
11:14:25.732   11  00  000   
11:14:25.734   11  99  000   
11:14:28.035   11  99  000    180.000000  0.186482  0.174533  16.261875  16.700000
11:14:44.737   11  99  000   
11:14:46.467   11  00  000   
11:14:47.002   12  99  000   
11:14:47.905   12  00  000       0.010765     0.047823
11:17:48.357   12  99  000   
11:17:48.758   12  00  000       8.962091     1.485035
12:38:21.796   11  99  000   
12:38:23.202   11  00  000   
12:38:23.221   11  99  000   
12:38:25.303   11  99  000    60.00  2.00  0.154940  0.1745  6.6286  7.10
12:41:58.308   11  99  000   
12:42:00.400   11  00  000   
12:42:00.931   11  99  000   
12:42:01.230   11  00  000   
12:42:01.232   11  99  000   
12:42:03.289   11  99  000    180.000000  0.154345  0.174533  19.611475  20.000000
12:42:23.290   11  99  000   
12:42:25.381   11  00  000   
12:42:25.914   12  99  000   
12:42:27.418   12  00  000       0.010765     0.047823
12:45:27.978   12  99  000   
12:45:28.280   12  00  000       8.962091     1.485035
