11:20:54.823   22  99  000   
11:22:03.546   22  00  000      30.000000    20.000000
11:22:12.085   11  99  000   
11:22:49.902   11  00  000   
11:28:42.166   00  99  000   
11:28:48.489   00  00  000   
11:28:48.492   00  99  000   
11:29:21.681   22  99  000    5160.000000  0.500000  0.436332  172.436332  173.100000
11:35:07.883   22  99  000   
11:35:30.893   22  00  000   
11:35:31.426   11  99  000   
11:35:42.759   11  00  000   
11:35:42.763   11  99  000   
11:35:44.561   11  99  000    180.000000  0.180675  0.174533  16.778891  17.200000
11:36:01.763   11  99  000   
11:36:03.598   11  00  000   
11:36:04.133   12  99  000   
11:36:05.040   12  00  000       2.796100    -0.404031
11:39:05.704   12  99  000   
11:39:07.307   12  00  000      -5.293553     6.597951
12:10:27.837   11  99  000   
12:10:29.343   11  00  000   
12:10:29.364   11  99  000   
12:10:31.465   11  99  000    60.00  2.00  0.167454  0.1745  6.1463  6.60
12:13:56.118   11  99  000   
12:13:58.174   11  00  000   
12:13:58.709   11  99  000   
12:13:59.111   11  00  000   
12:13:59.115   11  99  000   
12:14:01.417   11  99  000    180.000000  0.167006  0.174533  18.137945  18.600000
12:14:20.018   11  99  000   
12:14:21.753   11  00  000   
12:14:22.380   12  99  000   
12:14:23.990   12  00  000       2.796100    -0.404031
12:17:24.560   12  99  000   
12:17:26.164   12  00  000      -5.293553     6.597951
13:02:22.349   11  99  000   
13:02:24.049   11  00  000   
13:02:24.053   11  99  000   
13:02:26.031   11  99  000    180.000000  0.144813  0.174533  20.890949  21.300000
13:02:47.333   11  99  000   
13:02:49.319   11  00  000   
13:02:49.854   12  99  000   
13:02:50.860   12  00  000       2.796100    -0.404031
13:05:51.427   12  99  000   
13:05:52.827   12  00  000      -5.293553     6.597951
15:05:19.776   11  99  000   
15:05:21.884   11  00  000   
15:05:21.887   11  99  000   
15:05:25.107   11  99  000    180.000000  0.070307  0.174533  42.844373  43.300000
15:06:08.409   11  99  000   
15:06:11.870   11  00  000   
15:06:12.404   12  99  000   
15:06:12.806   12  00  000       2.796100    -0.404031
15:09:13.370   12  99  000   
15:09:13.771   12  00  000      -5.293553     6.597951
16:02:51.177   11  99  000   
16:02:53.382   11  00  000   
16:02:53.410   11  99  000   
16:02:55.847   11  99  000    60.00  2.00  0.034462  0.1745  29.1922  29.60
16:17:43.814   11  99  000   
16:17:46.302   11  00  000   
16:17:46.837   00  99  000   
16:17:53.358   00  00  000   
16:17:53.362   00  99  000   
16:18:00.080   22  99  000    5160.000000  0.500000  0.436332  172.436332  173.100000
16:20:53.002   22  99  000   
16:21:15.947   22  00  000   
16:21:16.481   11  99  000   
16:21:36.236   11  00  000   
16:21:36.240   11  99  000   
16:21:42.510   11  99  000    180.000000  0.030149  0.174533  99.681513  100.100000
16:23:22.611   11  99  000   
16:23:28.372   11  00  000   
16:23:28.908   12  99  000   
16:23:29.309   12  00  000       2.796100    -0.404031
16:26:29.773   12  99  000   
16:26:31.978   12  00  000      -5.293553     6.597951
17:16:28.967   11  99  000   
17:16:30.368   11  00  000   
17:16:30.372   11  99  000   
17:16:35.003   11  99  000    180.000000  0.045270  0.174533  66.444157  66.900000
17:17:41.905   11  99  000   
17:17:46.593   11  00  000   
17:17:47.130   12  99  000   
17:17:48.235   12  00  000       2.796100    -0.404031
17:20:48.898   12  99  000   
17:20:49.197   12  00  000      -3.022245   -15.017186
17:21:49.785   12  99  000   
17:21:50.084   12  00  000      -5.293553     6.597951
18:58:54.646   11  99  000   
18:58:56.049   11  00  000   
18:58:56.054   11  99  000   
18:58:58.605   11  99  000    180.000000  0.110587  0.174533  27.302548  27.700000
18:59:26.306   11  99  000   
18:59:28.638   11  00  000   
18:59:29.074   12  99  000   
18:59:30.475   12  00  000       2.796100    -0.404031
19:02:30.940   12  99  000   
19:02:32.445   12  00  000      -5.293553     6.597951
20:58:00.838   11  99  000   
20:58:02.041   11  00  000   
20:58:02.069   11  99  000   
20:58:04.150   11  99  000    60.00  2.00  0.170101  0.1745  6.0534  6.50
21:01:25.708   11  99  000   
21:01:27.657   11  00  000   
21:01:28.294   11  99  000   
21:01:28.694   11  00  000   
21:01:28.698   11  99  000   
21:01:30.548   11  99  000    180.000000  0.172303  0.174533  17.585715  18.000000
21:01:48.550   11  99  000   
21:01:50.794   11  00  000   
21:01:51.329   12  99  000   
21:01:52.733   12  00  000       2.796100    -0.404031
21:04:53.298   12  99  000   
21:04:53.699   12  00  000      -5.293553     6.597951
