11:30:25.493   11  99  000   
11:31:02.717   11  00  000   
11:33:40.828   00  99  000   
11:33:47.148   00  00  000   
11:33:47.152   00  99  000   
11:34:19.370   22  99  000    5160.000000  0.500000  0.436332  172.436332  173.100000
11:40:05.572   22  99  000   
11:40:28.181   22  00  000   
11:40:28.713   11  99  000   
11:40:39.244   11  00  000   
11:40:39.247   11  99  000   
11:40:41.016   11  99  000    180.000000  0.178548  0.174533  16.976749  17.400000
11:40:58.417   11  99  000   
11:41:00.148   11  00  000   
11:41:00.686   12  99  000   
11:41:01.687   12  00  000      -0.023851    -0.093149
11:44:02.350   12  99  000   
11:44:03.552   12  00  000      -4.273495     3.332344
12:38:14.545   11  99  000   
12:38:15.750   11  00  000   
12:38:15.770   11  99  000   
12:38:17.951   11  99  000    60.00  2.00  0.154561  0.1745  6.6445  7.10
12:41:43.815   11  99  000   
12:41:45.856   11  00  000   
12:41:46.391   11  99  000   
12:41:46.791   11  00  000   
12:41:46.796   11  99  000   
12:41:48.843   11  99  000    180.000000  0.154017  0.174533  19.652918  20.100000
12:42:09.001   11  99  000   
12:42:11.091   11  00  000   
12:42:11.522   12  99  000   
12:42:12.323   12  00  000      -0.023851    -0.093149
12:45:12.885   12  99  000   
12:45:14.093   12  00  000      -4.273495     3.332344
