11:16:30.830   22  99  000   
11:17:39.457   22  00  000      30.000000    20.000000
11:18:23.609   11  99  000   
11:19:00.921   11  00  000   
11:21:20.235   00  99  000   
11:21:26.549   00  00  000   
11:21:26.569   00  99  000   
11:22:00.469   22  99  000    5160.000000  0.500000  0.436332  172.436332  173.100000
11:27:46.671   22  99  000   
11:28:09.873   22  00  000   
11:28:10.405   11  99  000   
11:28:22.541   11  00  000   
11:28:22.542   11  99  000   
11:28:24.503   11  99  000    180.000000  0.182707  0.174533  16.594235  17.000000
11:28:41.504   11  99  000   
11:28:43.741   11  00  000   
11:28:44.273   12  99  000   
11:28:45.475   12  00  000      -5.411098     1.257385
11:31:46.130   12  99  000   
11:31:47.837   12  00  000       5.746643     2.003979
12:00:08.182   11  99  000   
12:00:09.385   11  00  000   
12:00:09.405   11  99  000   
12:00:11.468   11  99  000    60.00  2.00  0.171231  0.1745  6.0146  6.40
12:03:10.609   11  99  000   
12:03:12.701   11  00  000   
12:03:13.231   11  99  000   
12:03:13.632   11  00  000   
12:03:13.634   11  99  000   
12:03:15.394   11  99  000    180.000000  0.170972  0.174533  17.721255  18.100000
12:03:33.494   11  99  000   
12:03:35.538   11  00  000   
12:03:36.165   12  99  000   
12:03:37.671   12  00  000      -5.411098     1.257385
12:06:38.229   12  99  000   
12:06:40.034   12  00  000       5.746643     2.003979
13:25:35.405   11  99  000   
13:25:36.608   11  00  000   
13:25:36.610   11  99  000   
13:25:38.657   11  99  000    180.000000  0.132063  0.174533  22.890948  23.300000
13:26:01.958   11  99  000   
13:26:04.741   11  00  000   
13:26:05.272   12  99  000   
13:26:06.675   12  00  000      -5.411098     1.257385
13:29:07.131   12  99  000   
13:29:07.533   12  00  000       5.746643     2.003979
