13:52:19.003   22  99  000   
13:53:31.945   22  00  000      30.000000    45.000000
13:53:36.535   11  99  000   
13:54:05.630   11  00  000   
13:54:31.630   12  99  000   
13:54:33.734   12  00  000      -2.908364   -15.053635
14:00:31.804   22  99  000   
14:00:38.022   22  00  000      84.000000    65.000000
14:01:06.278   11  99  000   
14:01:12.899   11  00  000   
14:01:55.734   22  99  000   
14:02:02.758   22  00  000      84.000000    67.000000
14:02:21.581   11  99  000   
14:02:28.601   11  00  000   
14:03:02.346   22  99  000   
14:03:11.670   22  00  000      84.000000    40.000000
14:03:42.113   11  99  000   
14:03:52.343   11  00  000   
14:04:21.927   22  99  000   
14:04:32.053   22  00  000      84.000000    40.000000
14:04:55.975   22  99  000   
14:05:02.296   22  00  000      94.000000    40.000000
14:05:33.952   22  99  000   
14:05:45.284   22  00  000     114.000000    40.000000
14:06:09.858   22  99  000   
14:06:21.593   22  00  000      94.000000    40.000000
14:06:52.991   22  99  000   
14:07:04.525   22  00  000      74.000000    40.000000
14:07:51.369   22  99  000   
14:08:03.000   22  00  000      54.000000    40.000000
14:09:01.734   22  99  000   
14:09:13.070   22  00  000      74.000000    40.000000
14:14:48.746   11  99  000   
14:14:59.578   11  00  000   
