15:58:40.985   11  99  000   
15:58:56.451   11  00  000   
15:59:19.020   12  99  000   
15:59:21.427   12  00  000      -1.058173   -15.479852
17:14:10.815   22  99  000   
17:14:27.166   22  00  000     330.000000    50.000000
17:14:46.681   22  99  000   
17:14:48.700   22  99  000    60.000000  0.006428  0.008727  155.581109  155.800000
17:26:37.330   22  99  000   
17:26:38.283   22  00  000   
17:26:40.768   22  99  000   
17:26:41.170   22  00  000     330.000000    50.000000
17:26:51.335   22  99  000   
17:26:53.209   22  99  000    60.000000  0.010000  0.008727  100.008727  100.300000
17:39:30.280   22  99  000   
17:39:30.958   22  00  000   
17:39:39.450   22  99  000   
17:40:20.483   22  00  000      50.000000    50.000000
17:40:43.486   22  99  000   
17:40:45.612   22  99  000    60.000000  0.006428  0.008727  155.581109  155.800000
17:53:57.307   22  99  000   
17:53:59.219   22  00  000   
17:54:03.410   22  99  000   
17:54:03.811   22  00  000      50.000000    50.000000
17:54:11.369   22  99  000   
17:54:13.250   22  99  000    60.000000  0.010000  0.008727  100.008727  100.300000
18:01:56.645   22  99  000   
18:01:57.960   22  00  000   
18:02:03.321   11  99  000   
18:03:07.214   11  00  000   
