17:17:35.679   11  99  000   
17:17:52.646   11  00  000   
17:23:52.489   11  99  000   
17:23:52.889   11  00  000   
17:23:52.892   11  99  000   
17:23:57.535   11  99  000    180.000000  0.045118  0.174533  66.666918  67.100000
17:25:04.637   11  99  000   
17:25:08.798   11  00  000   
17:25:09.328   12  99  000   
17:25:10.532   12  00  000       0.055823     0.654611
17:28:11.064   12  99  000   
17:28:12.269   12  00  000      -4.334626     4.100381
18:01:51.874   11  99  000   
18:01:53.379   11  00  000   
18:01:53.404   11  99  000   
18:01:55.288   11  99  000    60.00  2.00  0.067465  0.1745  14.9970  15.40
18:09:52.708   11  99  000   
18:09:55.105   11  00  000   
18:09:55.634   00  99  000   
18:10:01.959   00  00  000   
18:10:01.961   00  99  000   
18:10:13.393   22  99  000    5160.000000  0.500000  0.436332  172.436332  173.100000
18:15:59.595   22  99  000   
18:16:22.354   22  00  000   
18:16:22.885   11  99  000   
18:16:35.033   11  00  000   
18:16:35.034   11  99  000   
18:16:37.989   11  99  000    180.000000  0.078784  0.174533  38.253146  38.700000
18:17:16.691   11  99  000   
18:17:20.107   11  00  000   
18:17:20.637   12  99  000   
18:17:21.841   12  00  000       0.055823     0.654611
18:20:22.373   12  99  000   
18:20:22.773   12  00  000      -4.334626     4.100381
20:46:28.609   11  99  000   
20:46:30.113   11  00  000   
20:46:30.116   11  99  000   
20:46:31.979   11  99  000    180.000000  0.163490  0.174533  18.524234  18.900000
20:46:50.881   11  99  000   
20:46:53.184   11  00  000   
20:46:53.715   12  99  000   
20:46:54.819   12  00  000       0.055823     0.654611
20:49:55.352   12  99  000   
20:49:56.556   12  00  000      -4.334626     4.100381
21:56:41.881   00  99  000   
21:56:48.098   00  00  000   
21:56:48.101   00  99  000   
21:57:23.138   22  99  000    5160.000000  0.500000  0.436332  172.436332  173.100000
22:03:09.340   22  99  000   
22:03:32.154   22  00  000   
