11:33:45.735   22  99  000   
11:34:54.217   22  00  000      30.000000    20.000000
11:34:58.163   11  99  000   
11:35:35.112   11  00  000   
11:37:11.971   00  99  000   
11:37:18.194   00  00  000   
11:37:18.215   00  99  000   
11:37:50.363   22  99  000    5160.000000  0.500000  0.436332  172.436332  173.100000
11:43:36.565   22  99  000   
11:43:59.627   22  00  000   
11:44:00.156   11  99  000   
11:44:10.196   11  00  000   
11:44:10.197   11  99  000   
11:44:12.417   11  99  000    180.000000  0.177583  0.174533  17.068045  17.500000
11:44:29.919   11  99  000   
11:44:31.718   11  00  000   
11:44:32.248   12  99  000   
11:44:33.251   12  00  000       0.002879     0.012360
11:47:33.782   12  99  000   
11:47:35.589   12  00  000     -13.277306     5.130697
12:08:39.034   11  99  000   
12:08:40.941   11  00  000   
12:08:40.961   11  99  000   
12:08:43.065   11  99  000    60.00  2.00  0.167704  0.1745  6.1374  6.60
12:12:07.716   11  99  000   
12:12:09.767   11  00  000   
12:12:10.297   11  99  000   
12:12:10.697   11  00  000   
12:12:10.699   11  99  000   
12:12:13.013   11  99  000    180.000000  0.167257  0.174533  18.111002  18.500000
12:12:31.514   11  99  000   
12:12:33.367   11  00  000   
12:12:33.897   12  99  000   
12:12:34.800   12  00  000       0.002879     0.012360
12:15:35.331   12  99  000   
12:15:37.037   12  00  000     -13.277306     5.130697
13:01:42.149   11  99  000   
13:01:43.855   11  00  000   
13:01:43.858   11  99  000   
13:01:46.518   11  99  000    180.000000  0.144530  0.174533  20.931534  21.400000
13:02:07.920   11  99  000   
13:02:09.971   11  00  000   
13:02:10.502   12  99  000   
13:02:11.305   12  00  000       0.002879     0.012360
13:05:11.837   12  99  000   
13:05:13.643   12  00  000     -13.277306     5.130697
13:53:14.744   11  99  000   
13:53:16.546   11  00  000   
13:53:16.548   11  99  000   
13:53:18.805   11  99  000    180.000000  0.115664  0.174533  26.111753  26.500000
13:53:45.306   11  99  000   
13:53:47.590   11  00  000   
13:53:48.119   12  99  000   
13:53:49.522   12  00  000       0.002879     0.012360
13:56:50.084   12  99  000   
13:56:51.786   12  00  000     -13.277306     5.130697
14:40:51.280   11  99  000   
14:40:53.286   11  00  000   
14:41:18.696   11  99  000   
14:41:21.336   11  99  000    180.00  5.00  0.040296  0.0873  74.5371  74.90
15:26:18.019   11  99  000   
15:26:21.503   11  00  000   
15:36:00.318   11  99  000   
15:36:00.718   11  00  000   
15:36:29.711   11  99  000   
15:36:33.655   11  99  000    180.00  5.00  0.022703  0.0873  132.2266  132.60
16:51:42.027   11  99  000   
16:51:46.985   11  00  000   
16:55:51.391   11  99  000   
16:55:51.791   11  00  000   
16:55:51.794   11  99  000   
16:55:56.637   11  99  000    180.000000  0.036638  0.174533  82.056422  82.500000
16:57:19.139   11  99  000   
16:57:24.505   11  00  000   
16:57:25.041   12  99  000   
16:57:26.348   12  00  000       0.002879     0.012360
17:00:26.907   12  99  000   
17:00:29.011   12  00  000     -13.277306     5.130697
18:43:55.060   11  99  000   
18:43:56.570   11  00  000   
18:43:56.573   11  99  000   
18:43:58.750   11  99  000    60.00  2.00  0.101289  0.1745  10.0473  10.50
18:49:24.298   11  99  000   
18:49:26.445   11  00  000   
18:49:26.977   00  99  000   
18:49:33.395   00  00  000   
18:49:33.398   00  99  000   
18:49:49.260   22  99  000    5160.000000  0.500000  0.436332  172.436332  173.100000
18:55:35.461   22  99  000   
18:55:58.319   22  00  000   
18:55:58.851   11  99  000   
18:56:06.070   11  00  000   
18:56:06.073   11  99  000   
18:56:08.902   11  99  000    180.000000  0.110357  0.174533  27.359066  27.800000
18:56:36.704   11  99  000   
18:56:39.037   11  00  000   
18:56:39.570   12  99  000   
18:56:40.973   12  00  000       0.002879     0.012360
18:59:41.533   12  99  000   
18:59:43.136   12  00  000     -13.277306     5.130697
19:16:05.227   11  99  000   
19:16:06.930   11  00  000   
19:16:06.933   11  99  000   
19:16:09.298   11  99  000    180.000000  0.122379  0.174533  24.688471  25.100000
19:16:34.399   11  99  000   
19:16:37.224   11  00  000   
19:16:37.756   12  99  000   
19:16:38.860   12  00  000       0.002879     0.012360
19:19:39.426   12  99  000   
19:19:41.130   12  00  000     -13.277306     5.130697
20:11:47.087   11  99  000   
20:11:48.792   11  00  000   
20:11:48.795   11  99  000   
20:11:50.882   11  99  000    180.000000  0.152189  0.174533  19.886848  20.300000
20:12:11.184   11  99  000   
20:12:13.226   11  00  000   
20:12:13.758   12  99  000   
20:12:15.464   12  00  000       0.002879     0.012360
20:15:16.128   12  99  000   
20:15:17.734   12  00  000     -13.277306     5.130697
