12:41:04.975   11  99  000   
12:41:38.980   11  00  000   
12:42:20.264   12  99  000   
12:42:22.270   12  00  000      -1.058173   -15.479852
13:15:22.507   11  99  000   
13:15:24.413   11  00  000   
13:17:54.629   11  99  000   
13:17:55.030   11  00  000   
13:17:55.088   11  99  000   
13:17:57.016   11  99  000    180.000000  0.140789  0.174533  21.482975  21.900000
13:18:18.917   11  99  000   
13:18:21.458   11  00  000   
13:18:21.988   12  99  000   
13:18:23.292   12  00  000       0.049497     0.724078
13:21:23.851   12  99  000   
13:21:24.131   12  00  000       0.049497     0.724078
13:23:29.336   22  99  000   
13:23:35.251   22  00  000     100.000000    40.000000
13:24:03.169   22  99  000   
13:24:05.168   22  99  000    60.000000  0.007660  0.008727  130.549456  130.800000
13:42:09.060   22  99  000   
13:42:10.601   22  00  000   
13:42:14.758   22  99  000   
13:42:15.057   22  00  000     100.000000    40.000000
13:42:22.189   22  99  000   
13:42:24.224   22  99  000    60.000000  0.010000  0.008727  100.008727  100.300000
13:56:10.766   22  99  000   
13:56:12.443   22  00  000   
13:56:24.093   11  99  000   
13:56:33.020   11  00  000   
13:56:53.175   12  99  000   
13:56:55.377   12  00  000      -1.058173   -15.479852
