11:23:39.986   22  99  000   
11:25:05.350   22  00  000      60.000000    20.000000
11:25:18.787   11  99  000   
11:25:40.452   11  00  000   
11:27:44.687   00  99  000   
11:27:50.904   00  00  000   
11:27:50.906   00  99  000   
11:28:23.751   22  99  000    5160.000000  0.500000  0.436332  172.436332  173.100000
11:34:09.953   22  99  000   
11:34:32.868   22  00  000   
11:34:33.393   11  99  000   
11:34:44.025   11  00  000   
11:34:44.026   11  99  000   
11:34:45.695   11  99  000    180.000000  0.180301  0.174533  16.813396  17.200000
11:35:02.896   11  99  000   
11:35:05.075   11  00  000   
11:35:05.604   12  99  000   
11:35:06.604   12  00  000      -0.066102    -0.231238
11:38:07.064   12  99  000   
11:38:08.871   12  00  000       9.920866     1.048353
12:05:59.430   11  99  000   
12:06:00.832   11  00  000   
12:06:00.852   11  99  000   
12:06:02.935   11  99  000    60.00  2.00  0.168306  0.1745  6.1161  6.50
12:08:58.503   11  99  000   
12:09:00.578   11  00  000   
12:09:01.107   11  99  000   
12:09:01.508   11  00  000   
12:09:01.509   11  99  000   
12:09:03.906   11  99  000    180.000000  0.168052  0.174533  18.026102  18.500000
12:09:22.407   11  99  000   
12:09:24.254   11  00  000   
12:09:24.783   12  99  000   
12:09:26.192   12  00  000      -0.066102    -0.231238
12:12:26.751   12  99  000   
12:12:28.552   12  00  000       9.920866     1.048353
13:18:15.204   11  99  000   
13:18:16.508   11  00  000   
13:18:16.510   11  99  000   
13:18:18.676   11  99  000    180.000000  0.135095  0.174533  22.381100  22.800000
13:18:41.478   11  99  000   
13:18:43.509   11  00  000   
13:18:44.042   12  99  000   
13:18:45.143   12  00  000      -0.066102    -0.231238
13:21:45.801   12  99  000   
13:21:47.508   12  00  000       9.920866     1.048353
15:12:35.601   11  99  000   
15:12:37.103   11  00  000   
15:12:37.122   11  99  000   
15:12:39.486   11  99  000    60.00  2.00  0.063043  0.1745  16.0368  16.50
15:20:38.008   11  99  000   
15:20:39.883   11  00  000   
15:20:40.409   00  99  000   
15:20:46.627   00  00  000   
15:20:46.630   00  99  000   
15:20:55.808   22  99  000    5160.000000  0.500000  0.436332  172.436332  173.100000
15:26:42.010   22  99  000   
15:27:04.616   22  00  000   
15:27:05.248   11  99  000   
15:27:21.193   11  00  000   
15:27:21.195   11  99  000   
15:27:24.731   11  99  000    180.000000  0.055658  0.174533  54.075563  54.500000
15:28:19.232   11  99  000   
15:28:23.232   11  00  000   
15:28:23.767   12  99  000   
15:28:25.270   12  00  000      -0.066102    -0.231238
15:31:25.829   12  99  000   
15:31:27.833   12  00  000       9.920866     1.048353
16:49:54.347   11  99  000   
16:49:56.458   11  00  000   
16:49:56.460   11  99  000   
16:50:01.314   11  99  000    180.000000  0.038049  0.174533  79.019388  79.400000
16:51:20.716   11  99  000   
16:51:25.302   11  00  000   
16:51:25.834   12  99  000   
16:51:27.441   12  00  000      -0.066102    -0.231238
16:54:27.901   12  99  000   
16:54:30.208   12  00  000      -4.166140   -14.574044
16:55:30.782   12  99  000   
16:55:33.087   12  00  000       9.920866     1.048353
18:09:40.488   11  99  000   
18:09:41.993   11  00  000   
18:09:41.996   11  99  000   
18:09:45.175   11  99  000    180.000000  0.083919  0.174533  35.923167  36.300000
18:10:21.476   11  99  000   
18:10:24.145   11  00  000   
18:10:24.677   12  99  000   
18:10:25.679   12  00  000      -0.066102    -0.231238
18:13:26.232   12  99  000   
18:13:26.633   12  00  000       9.920866     1.048353
19:03:01.840   11  99  000   
19:03:03.241   11  00  000   
19:03:03.243   11  99  000   
19:03:05.550   11  99  000    180.000000  0.117337  0.174533  25.741832  26.200000
19:03:31.751   11  99  000   
19:03:34.284   11  00  000   
19:03:34.817   12  99  000   
19:03:36.019   12  00  000      -0.066102    -0.231238
19:06:36.477   12  99  000   
19:06:38.384   12  00  000       9.920866     1.048353
21:54:36.110   11  99  000   
21:54:37.511   11  00  000   
21:54:37.540   11  99  000   
21:54:39.523   11  99  000    60.00  2.00  0.189657  0.1745  5.4472  5.90
21:57:36.723   11  99  000   
21:57:38.703   11  00  000   
21:57:39.233   11  99  000   
21:57:39.634   11  00  000   
21:57:39.637   11  99  000   
21:57:41.354   11  99  000    180.000000  0.190861  0.174533  15.892753  16.300000
21:57:57.656   11  99  000   
21:57:59.739   11  00  000   
21:58:00.371   12  99  000   
21:58:01.574   12  00  000      -0.066102    -0.231238
22:01:02.236   12  99  000   
22:01:03.839   12  00  000       9.920866     1.048353
22:10:24.677   00  99  000   
22:10:31.294   00  00  000   
22:10:31.297   00  99  000   
22:11:08.620   22  99  000    5160.000000  0.500000  0.436332  172.436332  173.100000
22:16:54.822   22  99  000   
22:17:17.775   22  00  000   
