11:12:33.073   22  99  000   
11:13:57.114   22  00  000      60.000000    20.000000
11:14:08.124   11  99  000   
11:14:30.413   11  00  000   
11:15:33.396   00  99  000   
11:15:39.620   00  00  000   
11:15:39.623   00  99  000   
11:16:13.975   22  99  000    5160.000000  0.500000  0.436332  172.436332  173.100000
11:22:00.177   22  99  000   
11:22:23.397   22  00  000   
11:22:23.930   11  99  000   
11:22:35.977   11  00  000   
11:22:35.980   11  99  000   
11:22:37.780   11  99  000    180.000000  0.183954  0.174533  16.482971  16.900000
11:22:54.682   11  99  000   
11:22:56.933   11  00  000   
11:22:57.466   12  99  000   
11:22:58.471   12  00  000      -0.054879    -0.197034
11:25:59.005   12  99  000   
11:25:59.406   12  00  000       6.437325     2.088362
12:02:55.310   11  99  000   
12:02:56.515   11  00  000   
12:02:56.536   11  99  000   
12:02:58.642   11  99  000    60.00  2.00  0.169550  0.1745  6.0725  6.50
12:06:20.195   11  99  000   
12:06:22.254   11  00  000   
12:06:22.792   11  99  000   
12:06:23.093   11  00  000   
12:06:23.096   11  99  000   
12:06:25.098   11  99  000    180.000000  0.169134  0.174533  17.911994  18.300000
12:06:43.400   11  99  000   
12:06:45.442   11  00  000   
12:06:46.074   12  99  000   
12:06:47.278   12  00  000      -0.054879    -0.197034
12:09:47.841   12  99  000   
12:09:49.747   12  00  000       6.437325     2.088362
13:13:24.017   11  99  000   
13:13:25.221   11  00  000   
13:13:25.227   11  99  000   
13:13:27.738   11  99  000    180.000000  0.137786  0.174533  21.947414  22.400000
13:13:50.140   11  99  000   
13:13:52.220   11  00  000   
13:13:52.754   12  99  000   
13:13:53.857   12  00  000      -0.054879    -0.197034
13:16:54.422   12  99  000   
13:16:54.823   12  00  000       6.437325     2.088362
15:21:28.844   11  99  000   
15:21:29.849   11  00  000   
15:21:29.872   11  99  000   
15:21:31.813   11  99  000    60.00  2.00  0.057460  0.1745  17.5780  18.00
15:30:49.863   11  99  000   
15:30:51.834   11  00  000   
15:30:52.365   00  99  000   
15:30:58.885   00  00  000   
15:30:58.889   00  99  000   
15:31:06.907   22  99  000    5160.000000  0.500000  0.436332  172.436332  173.100000
15:36:53.109   22  99  000   
15:37:16.062   22  00  000   
15:37:16.493   11  99  000   
15:37:33.240   11  00  000   
15:37:33.244   11  99  000   
15:37:37.534   11  99  000    180.000000  0.049642  0.174533  60.606862  61.000000
15:38:38.535   11  99  000   
15:38:42.430   11  00  000   
15:38:43.067   12  99  000   
15:38:44.772   12  00  000      -0.054879    -0.197034
15:41:45.234   12  99  000   
15:41:47.040   12  00  000       6.437325     2.088362
17:35:37.520   11  99  000   
17:35:39.223   11  00  000   
17:35:39.227   11  99  000   
17:35:42.731   11  99  000    180.000000  0.061658  0.174533  48.830362  49.300000
17:36:32.033   11  99  000   
17:36:35.690   11  00  000   
17:36:36.424   12  99  000   
17:36:37.527   12  00  000      -0.054879    -0.197034
17:39:37.992   12  99  000   
17:39:40.297   12  00  000      -4.071110   -14.616670
17:40:40.875   12  99  000   
17:40:43.180   12  00  000       6.437325     2.088362
18:56:49.826   11  99  000   
18:56:51.028   11  00  000   
18:56:51.032   11  99  000   
18:56:53.243   11  99  000    180.000000  0.113199  0.174533  26.676517  27.100000
18:57:20.344   11  99  000   
18:57:23.087   11  00  000   
18:57:23.421   12  99  000   
18:57:24.918   12  00  000      -0.054879    -0.197034
19:00:25.383   12  99  000   
19:00:27.093   12  00  000       6.437325     2.088362
19:40:06.728   11  99  000   
19:40:08.031   11  00  000   
19:40:08.034   11  99  000   
19:40:10.409   11  99  000    180.000000  0.138033  0.174533  21.908393  22.300000
19:40:32.711   11  99  000   
19:40:34.792   11  00  000   
19:40:35.326   12  99  000   
19:40:36.627   12  00  000      -0.054879    -0.197034
19:43:37.199   12  99  000   
19:43:38.605   12  00  000       6.437325     2.088362
20:56:54.518   11  99  000   
20:56:55.521   11  00  000   
20:56:55.547   11  99  000   
20:56:57.635   11  99  000    60.00  2.00  0.172120  0.1745  5.9844  6.40
21:00:09.609   11  99  000   
21:00:11.701   11  00  000   
21:00:12.137   11  99  000   
21:00:12.537   11  00  000   
21:00:12.541   11  99  000   
21:00:14.954   11  99  000    180.000000  0.174195  0.174533  17.396599  17.800000
21:00:32.755   11  99  000   
21:00:35.241   11  00  000   
21:00:35.778   12  99  000   
21:00:36.778   12  00  000      -0.054879    -0.197034
21:03:37.443   12  99  000   
21:03:37.844   12  00  000       6.437325     2.088362
21:44:39.642   00  99  000   
21:44:45.861   00  00  000   
21:44:45.865   00  99  000   
21:45:20.751   22  99  000    5160.000000  0.500000  0.436332  172.436332  173.100000
21:51:06.952   22  99  000   
21:51:29.855   22  00  000   
