15:42:52.618   11  99  000   
15:43:11.936   22  99  000   
15:43:14.470   11  50  000   
15:43:14.470   11  50  000    target has been stopped 
15:43:33.190   11  99  000   
15:43:48.252   11  00  000   
15:45:03.806   11  99  000   
15:45:04.207   11  00  000   
15:45:04.231   11  99  000   
15:45:08.506   11  99  000    180.000000  0.047268  0.174533  63.641900  64.100000
15:46:12.607   11  99  000   
15:46:16.768   11  00  000   
15:46:17.296   12  99  000   
15:46:18.703   12  00  000       0.060838     0.477798
15:49:19.234   12  99  000   
15:49:19.634   12  00  000       0.060838     0.477798
15:53:22.825   00  99  000   
15:53:29.651   00  00  000   
15:53:29.653   00  99  000   
15:53:36.552   22  99  000    5160.000000  0.500000  0.436332  172.436332  173.100000
15:59:22.754   22  99  000   
15:59:45.623   22  00  000   
15:59:46.257   11  99  000   
16:00:04.012   11  00  000   
16:00:04.014   11  99  000   
16:00:09.492   11  99  000    180.000000  0.038836  0.174533  77.423243  77.800000
16:01:27.294   11  99  000   
16:01:32.168   11  00  000   
16:01:32.698   12  99  000   
16:01:34.302   12  00  000       0.060838     0.477798
16:04:34.964   12  99  000   
16:04:35.265   12  00  000       0.060838     0.477798
16:07:29.948   11  99  000   
16:07:31.652   11  00  000   
16:07:31.653   11  99  000   
16:07:37.055   11  99  000    180.000000  0.035218  0.174533  85.358230  85.800000
16:09:02.857   11  99  000   
16:09:08.133   11  00  000   
16:09:08.663   12  99  000   
16:09:10.667   12  00  000       1.366028    10.728196
16:12:11.225   12  99  000   
16:12:13.132   12  00  000      11.429692     1.452340
