22:28:48.136   22  99  000   
22:28:54.272   22  00  000     259.000000    13.000000
22:29:29.113   22  99  000   
22:29:40.760   22  00  000     280.000000    13.000000
22:30:53.183   22  99  000   
22:31:09.654   22  00  000     250.000000    13.000000
22:31:59.623   22  99  000   
22:32:15.791   22  00  000     280.000000    13.000000
22:33:26.286   11  99  000   
22:33:43.558   11  00  000   
22:34:51.709   22  99  000   
22:34:54.620   22  00  000     250.000000    13.000000
22:39:04.642   11  99  000   
22:39:07.352   11  00  000   
